[GDScene]
Version=4.0
 
[Locations]
Locations_Count=2
 
[Location_0]
Locatoin_ID=2000
Name=Start_Location
Mesh_Position=0.000000,-50.000000,0.000000
Physics_Position=0.000000,-50.000000,0.000000
Physics_Rotation=0.000000,1.000000,0.000000,0.000000
 
[Location_1]
Locatoin_ID=2001
Name=Top_Slide
Mesh_Position=3.002672,-18.588770,8.513777
Physics_Position=3.002672,-18.588770,8.513777
Physics_Rotation=0.000000,-0.699289,0.000000,0.714839
 
[Counters]
Location_ID_Counter=2002
