[Version_Data]
Version=V1.2
 
[Counters]
Player_Count=1
 
[Player_0]
Player_Name=Player_1
Start_Position=-299.308929,-115.100151,815.297363
Start_Rotation=0.000000,0.694184,0.000000,0.719798
Shape=Capsule
Mass=1.000000
Radius=4.400000
Height=17.000000
Ground_Speed=20004.203125
Cam_Height=36.000000
Turn_Rate=0.000005
Limit_Look_Up=45.000000
Limit_Look_Down=-45.000000
Player_Height=36.000000
 
[Locations]
Locations_Count=2
 
[Location_0]
Locatoin_ID=0
Name=Start_Position
Mesh_Position=0.000000,0.000000,0.000000
Physics_Position=-299.308929,-115.100151,815.297363
Physics_Rotation=0.000000,0.694184,0.000000,0.719798
 
[Location_1]
Locatoin_ID=1
Name=New_Location_1
Mesh_Position=-778.355286,-115.100227,819.954895
Physics_Position=-778.355286,-115.100227,819.954895
Physics_Rotation=0.000000,0.999678,0.000000,0.025393
