[Version_Data]
Version=V1.2
 
[Counters]
Player_Count=1
 
[Player_0]
Player_Name=Player_1
Start_Position=-3.842185,-47.100010,-112.147568
Start_Rotation=0.000000,0.999985,0.000000,-0.005401
Shape=Capsule
Mass=1.000000
Radius=4.400000
Height=17.000000
Ground_Speed=4.200000
Cam_Height=16.000000
 
[Locations]
Locations_Count=2
 
[Location_0]
Locatoin_ID=2000
Name=New_Location_0
Mesh_Position=72.376854,-47.100010,16.891436
Physics_Position=72.376854,-47.100010,16.891436
Physics_Rotation=0.000000,0.913089,0.000000,-0.407761
 
[Location_1]
Locatoin_ID=2000
Name=New_Location_2
Mesh_Position=-128.852783,-47.100010,47.780121
Physics_Position=-128.852783,-47.100010,47.780121
Physics_Rotation=0.000000,-0.647117,0.000000,0.762391
