[Version_Data]
Version=V1.2
 
[Counters]
Player_Count=1
 
[Player_0]
Player_Name=Player_1
Start_Position=33.727825,-101.099998,740.331970
Start_Rotation=0.000000,0.999958,0.000000,0.009197
Shape=Capsule
Mass=1.000000
Radius=4.400000
Height=17.000000
Ground_Speed=10000.000000
Cam_Height=16.000000
Turn_Rate=0.000002
Limit_Look_Up=45.000000
Limit_Look_Down=-45.000000
Player_Height=16.000000
 
[Locations]
Locations_Count=4
 
[Location_0]
Locatoin_ID=0
Name=Start_Location
Mesh_Position=-104.661072,-39.600002,0.354004
Physics_Position=33.727825,-101.099998,740.331970
Physics_Rotation=0.000000,0.999958,0.000000,0.009197
 
[Location_1]
Locatoin_ID=0
Name=By_The_Lift
Mesh_Position=160.343475,-39.600010,91.441010
Physics_Position=160.343475,-39.600010,91.441010
Physics_Rotation=0.000000,-0.022112,0.000000,0.999756
 
[Location_2]
Locatoin_ID=0
Name=Area_2
Mesh_Position=24.408169,-47.100010,399.449432
Physics_Position=24.408169,-47.100010,399.449432
Physics_Rotation=0.000000,0.999989,0.000000,0.004749
 
[Location_3]
Locatoin_ID=0
Name=Front_of_Portal
Mesh_Position=28.438210,-101.100006,932.750366
Physics_Position=28.438210,-101.100006,932.750366
Physics_Rotation=0.000000,0.026901,0.000000,0.999638
