[GDScene]
Version=4.0
 
[Locations]
Locations_Count=4
 
[Location_0]
Locatoin_ID=2000
Name=Start_Location
Mesh_Position=0.000000,-50.000000,0.000000
Physics_Position=0.000000,-50.000000,0.000000
Physics_Rotation=0.000000,1.000000,0.000000,0.000000
 
[Location_1]
Locatoin_ID=2002
Name=Wall_1
Mesh_Position=-148.433014,-55.100006,27.612320
Physics_Position=-148.433014,-55.100006,27.612320
Physics_Rotation=0.000000,0.759925,0.000000,-0.650011
 
[Location_2]
Locatoin_ID=2003
Name=New_Location_3
Mesh_Position=3.374308,-55.100327,30.029785
Physics_Position=3.374308,-55.100327,30.029785
Physics_Rotation=0.000000,0.998189,0.000000,-0.060163
 
[Location_3]
Locatoin_ID=2004
Name=New_Location_4
Mesh_Position=100.671112,-55.100010,-79.845406
Physics_Position=100.671112,-55.100010,-79.845406
Physics_Rotation=0.000000,0.725387,0.000000,-0.688342
 
[Counters]
Location_ID_Counter=2005
